1111111111111111111111111111111111111111
1000000000000000002000000130000000011001
1111122211112210002000000100000000001001
1000000001100000000000000221111000000041
1000110001100300020040000000000000111221
1203110002200000020000000000000000030011
1220010021111000011221100000001000000001
1122000000210004010003000000001000020001
1000000000200000010000001210002000022001
1111000100002000220000002000012222111001
1000000100002000200010001000000020000001
1000122100211000000410001000000010003001
1000000110000030000020000000000010000001
1000000111222000000020000222220000011111
1112222111000010000111000110000000000001
1000000000000010000003122110000004000001
1000000100000010000000000000000020000011
1122112200020022120000001214000020000401
1000000000011112221140001221122112100001
1000200000001002000111100000000020001111
1000100040001000000000000000000020000001
1111111111111111111111111111111111111111
